0.1 0.1 0.2 0.2 0.2 0.2 0.2 0.6 0.5 -0.1
0.7 0.7 0.1 0.1 0.2 0.2 0.2 0.2 0.4 -0.2
0.20088055283552195 0.203494913739769 -1.9943025083654407 -2.3066975883345875 2.3841977193436716 1.052423751434767 0.32334943470472943 0.46752768643765696 2.339136568909018 -0.8943758231879702
0.16016359557363044 0.08586890671830993 1.467632875193623 -0.17207950123284155 -0.36195474902332814 0.921558107105251 1.6538330673929038 -0.9519287223915656 -2.262750974073398 2.464862003834144
0.23219749421809863 0.12913599279579088 2.5102067736910016 -2.0217776870706197 1.6925818662825995 1.9450591345225265 -1.1823059441304757 -0.6107350054105201 -2.1222247889838837 2.4658738495338723
0.7139806072515775 0.06412627148442018 1.1941691622808106 1.2354928827789493 -2.3128003276840134 0.44364151996305434 1.4102644956422243 0.7682946597493343 -0.3985989040312634 1.2798786874211023
0.4185253845600805 0.4894767237602331 -2.2766452001371857 0.07729596230429303 -0.006278871037040279 -0.7025528156534919 -0.06939414955754808 0.4917277979797503 2.2509391627126853 0.23823675319606163
0.7031823711171304 0.7471216509625993 0.6029533669727503 1.3052346731538775 -1.4085158617318256 -2.394552545738689 1.9577284471257363 1.9104007668058345 0.2952582544807987 -2.0994990638752573
0.6966666208643874 0.5231377113331448 2.5182051893212365 0.6102191749285946 1.004024973504106 -1.2536507327374198 1.9872647330498094 -2.223126548650462 0.371849683389188 -2.4981189753881825
0.8135314883957296 0.7172082806945944 1.7169526664690413 -0.7277476712217088 -0.644816658044516 -1.8917605938256363 2.530766913487559 -2.136480466768618 -0.9484015259156371 1.23573355906161
0.7540172033321606 0.5662480457064024 0.4044823269639326 1.483494097847053 1.127697980510875 -1.851475696816042 0.5556195787057399 -0.36684617543712017 2.0195634611494255 -2.5742904335178167
0.3361748637831793 0.8583037441633781 -1.6570387633530372 -0.6641396843999254 -2.1375782129801273 0.42010027736893774 -1.9692123202568355 1.728506014035649 1.3543234446444692 1.5695483895098943
0.25997847913830274 0.21547815101845832 1.5512419226556928 2.147849391694739 -0.5241987473830325 -1.4330904969369045 0.010531541146627799 -1.5233515227924912 0.5581112955117971 -2.610737662815183
0.16986880614723793 0.3424751699205069 0.22631131020123796 0.6724486796620197 -1.2399034055735876 -1.6681735252339092 -0.029443414920529598 -1.9152418280397874 -1.136263765657641 -1.9496153503064304
0.531058366775891 0.4567159585831014 -0.19866704163762527 0.9089700259722941 0.400626213646873 0.010019690044762442 0.9878645639449677 -1.8415783639390728 0.37755639640860483 2.2538503034837833
0.27489093491937144 0.5845438397918586 1.0632247288500793 -1.4735949332718805 0.6128624437280967 -2.5846088580887856 2.1942623640547416 -2.4729097163769493 0.9829798233211129 -0.15700980230286898
0.4598903630078737 0.510329796332603 2.4088124470136036 0.9016016212236626 -0.7750691604926832 -0.9464487110909763 0.2547379609914251 -0.04924266644562403 -1.288056940712369 -1.4102102229461293
0.27284940461835155 0.5541863513671232 1.0577337902515445 -1.4798640024553693 2.24069158596221 -1.483873663295668 1.8850196114303572 2.2718819933083787 -2.6008376615751994 0.37849071626969
0.2671876863011964 0.7337676725213484 0.9823621750175868 -1.2382112667234053 2.0779325962581763 -1.4783945490189858 1.6818893753384256 1.3403407260474416 0.909033863832875 2.3929752820383405
0.7885598776373224 0.8651253556905841 -0.9057879288912682 0.017331887484507202 1.4772298406633637 -1.7112991102920216 0.9520387963438703 -2.379341137791895 -0.3350866237414092 1.5853483653685037
0.8497340596429669 0.7596101250695699 2.0252907292562212 -2.488176744058112 2.118241268037744 0.9137191662369122 -2.2838209388224953 1.5038313081108714 1.3421096069090606 2.1730078614919255
0.0207622615081077 0.7932306517082622 0.051775597318702626 -2.54366778993751 1.7355566600092494 -0.18111940403552307 0.5245742537158744 -2.136234497191954 2.064793746905258 -2.5464833304302923
0.6250538356467569 0.19260144145156757 0.637058094705222 -1.0974076328401654 0.6785257453639226 -0.5852890545616511 1.4045969051617972 -2.3177013606306422 0.812545104891305 2.1436057169157663
0.34758777116637646 0.37469170668311536 -2.168289521699091 -2.3922564063522165 2.5974956882457554 0.9637669937067113 -0.7029008866315356 -2.5684688719811777 2.023901912613328 2.444070606085465
0.2984004861137028 0.39228166929440667 0.07717398201568049 1.3393571758851546 -0.42177258268451245 -0.5342897399053421 -0.8297054429838342 1.5021052295642403 -1.737433064000344 1.4436371750504633
0.18339496460313004 0.7371261068061279 1.6996915151254481 0.19520466998895802 -2.0335427321478226 -1.4966460749742543 1.781668238425469 0.8188593251991065 1.3285485785242699 1.9075510476289934
0.2540097181002695 0.1712464424347797 -0.6002311095641111 -1.9219460349896995 -1.5057078657254457 1.1100801981838058 0.263717293429917 0.9999781252138864 -0.1606152283402822 -2.4359686141279977
0.12989235530749996 0.26240957644346696 -1.1452270398475417 0.5395276088116718 0.5525870432700719 -1.6735463748639132 1.8376728499870274 -0.5179005249791602 -2.0468774514271546 -2.160925411429792
0.6510264835792532 0.47349665576196687 -1.251038818635943 0.33020796418776044 -2.2163572638200675 -1.4843344126639166 1.0030624800973293 -1.7740031802380931 1.2497133069144968 -0.6597259414915806
0.3351708762505826 0.5685309350349738 -1.4864244895610867 -1.619105664824545 -0.4238695357219724 -1.082042598394887 0.026904736695217313 -0.3155792864426008 1.730565283228041 1.7228592021638103
0.31863803682420766 0.5803313081225652 -1.9405016089316194 -1.4113554279894116 1.8850789856680392 -2.2994289373615575 -1.8957347630658783 0.49776774181097494 0.4335531033372755 -1.8181754754082116
0.8025999823019504 0.921825603895237 -2.4077936228579864 0.4211169617574706 1.4063448545732284 0.12246509695871532 -1.0843424334707257 -2.0807539681692417 1.3986416927139733 -0.7606384558973334
0.8104676524728014 0.2673442305415311 -1.9149480106986614 -1.9428261571186574 0.9730238695952655 -2.1106786215656004 2.112004227250709 2.1805327561396326 -1.8838624727437978 0.9163035511889523
0.10442461894103569 0.7890885455022846 -2.5604320145123203 2.0314684778201886 -0.5724297677153976 2.4554396218409438 -0.13210381331230536 -1.2202066148019377 -1.5325821871408942 -0.9524025175973805
0.22356629668886255 0.11341100655333347 0.15227601306119842 1.7241016355275156 -1.3093448886740542 1.6634159978996945 -1.4811215117917766 0.33038998940685715 2.494855205804131 1.9726266919729727
0.19660972923828268 0.022378976131227413 -0.20208630232173075 1.9746151003801669 0.2568643534823214 -0.829848790383924 -1.5772182356351838 0.10801729501880786 -2.3840890048472834 -1.7645272645547767
0.25201699708984837 0.251640714173824 -2.419655288666821 2.1460022993965313 -0.7758089136503301 -0.607020309805073 -2.281906175659708 -2.0562028374913135 -0.0926099396093969 -0.7060985435519129
0.27869387572408266 0.27616928740681645 2.414311290231604 -1.847563619926102 -0.6331172848169138 1.2104302512557208 -0.3578447836732521 0.5570324695319475 -0.6820062452180475 1.0167134923690893
0.17233023401211503 0.7353730484365706 -1.510121152340344 -0.41806225919269346 -2.4678986848267668 -0.2679711805554157 1.9087867094681177 0.5908932745176063 2.35918338809716 1.7463579457422642
0.24280851531374542 0.7085789305684589 -2.259859242233413 -1.638639599215709 1.1928386103802922 -0.7466015758104589 -0.5714980722369001 0.49003228122154274 -1.1305292475334252 -0.04420149068238555
0.2238641931721185 0.5289591152303719 1.4165141293628705 -1.138255368126126 2.067611079969146 -0.29529546337697266 -0.3463993468232065 -2.05299986199055 2.299959407005472 -0.7004772657765341
0.22672649384473378 0.6698030234719246 -1.8153454409318779 1.6201334679045263 0.767188942431229 1.6227331366388476 -0.2735645606529724 -1.6693528330605205 2.394542232165222 -1.8778628893354685
0.10843586979956887 0.7439538174566506 -1.7643839029522557 1.6358462197683763 0.506807415491934 -1.5881746671836143 0.01437582345885069 0.9895763387482002 0.9434682761720983 -0.15071882416283833
0.7257840604371428 0.729249257630012 2.1322353709516544 -2.3667152930969095 -0.19907065435081472 0.44285341755141294 2.2209333758615153 1.0870779881890846 -1.2310580691746784 -0.02260344528244973
0.9328970861391302 0.11007705296728021 2.557805310552754 -1.9261720572270313 -1.6671338996894298 2.12441852253335 0.4817069834541088 1.1956819849661313 -2.2477137742241515 2.194584850541115
0.752373653392032 0.20050268281566266 1.0867199395780993 0.06759532293918236 0.1773170328449516 2.453168097492554 -0.8623563425695664 -2.2351628729026802 -0.5896033868070778 -0.5746989857165938
0.8280879214697561 0.18459272759779172 -1.3815412588912814 0.22535150265402626 -1.0541547395998307 -1.2993221720362094 0.4696041086604006 -2.5708488748449083 -2.3472782405774324 -0.7105634372901206
0.7527381405891724 0.1064760893351713 2.231502119581513 0.34575646352834344 -2.0678097098390014 -0.25096350443315973 -0.16662222391969994 1.8041258683307135 0.7563700182665425 1.0821833397682488
0.8112164040598318 0.7408000582853191 -0.079066884198149 -1.3871053830123896 0.8151113253418396 -0.7521972871447535 1.4072922838697859 1.8471407345867648 -0.9434734373718601 1.545324824503607
0.35515891285853063 0.9332505937795602 1.409205783848496 1.4320020333820458 0.7401019754323093 0.4164551555552536 0.4012621381677821 -2.410828054925158 2.240943558377858 -0.17195479937359393
0.30390634096019475 0.08783267514408374 -1.8104219036205178 2.2603345067025002 -2.3061890955714466 -1.6056617470018066 -1.3621107041424096 0.19494860495681188 -1.3603789176175196 -1.1344153516311777
0.13269398564580384 0.2916074053162486 -1.1020594259613585 0.654229375830623 -0.48888399219431955 1.3657192562063631 1.466065337417875 -1.676878217294473 1.6112840451202897 0.0042115551984296395
0.1815391405428177 0.35928551279370013 -1.0247487565036997 1.9010387237847586 0.9114458676248471 -2.5864725565845332 -0.7434684588944482 -1.481553974525048 1.8944446947289397 -0.47205231971488537
0.6489781654989965 0.4750231351843476 -1.9152633518346445 -1.4543493306209894 -0.9355453002263945 1.053280031514897 -0.8119715022224121 -1.8830916261279596 -1.1746293731583324 -1.7583516563745973
0.7662841903451921 0.8581127011644507 -1.2577380885522438 0.7846187699327394 -0.07717267240447834 -1.2332861661697572 -0.8155755862516809 0.5862927085602165 -0.15550632334368686 -2.254776391134646
0.8723490391574552 0.8456155352046675 1.90273231982775 2.143883306383971 0.9391054276745683 1.1551329988397967 -0.4528576484231146 -0.31599101015658393 -2.364973980933784 0.6181064765672253
0.757525694146151 0.8194374203752295 0.3414467787494888 -0.48446950356628804 1.6866782039824542 0.8548417127356012 -1.7939804966754223 -1.5537149555299372 -0.2412476408381381 0.10886371811217277
0.8246435742603172 0.2690995290011704 -0.4674430706214694 -1.3734388879822226 -0.25282158496435025 1.3254156711266183 -0.6134874511203843 0.9758872147085769 -1.217599542798831 -2.4888575653038263
0.15820638879063623 0.7865998962126686 -1.7514266513516774 2.1303086551815764 -2.4286587583870016 1.6059306185484394 -0.1254651219457168 2.075974581275363 2.042044642748603 -2.181818455635267
0.22006184760517106 0.7644460322798328 -0.5283586375277998 -0.3417882312798928 -0.11724812395688033 0.032194047350346366 -1.4626309436606817 -2.4007687367353645 2.617689650208456 -0.5276908468281638
0.22269645333610286 0.24147075001763696 1.7447988479833767 -2.443769424125211 0.3916673183927242 0.4664774610983806 -1.3615772572090683 -2.1069841086046974 2.2590301965630704 0.03711365856244164
0.16315663602323413 0.24230930933781944 -1.6917959527473359 1.2967997307860109 -0.8634185885258272 1.3017609997794017 2.585535283881496 -1.9966800662600086 -0.42403977114809477 1.1423829889120167
0.34010177435888794 0.44801104848302886 -0.3297813763053772 2.356354677320771 0.6831495838793562 -1.4005565070107653 1.6376840908728902 -0.34617899328262247 -1.5892179911450823 0.2788893099215315
0.2932037308212402 0.44951919509275284 1.6212396609191182 -1.8249973464888543 1.1837453924219359 -0.4470935017797757 -1.9116444054508817 -1.699617562837597 2.604825854038553 1.6608227990849236
0.6299289054661711 0.6366945889097269 0.08897046434814726 -1.57793881369345 0.20363108409811748 -1.3999204842944095 0.9537256084684387 -1.2766808668421812 0.5717038840060726 -2.1151001407056094
0.846102262408521 0.08902038189943284 1.6815314643793813 1.3915951088917056 1.4011523583261654 -0.03404210349745762 -1.3183705522865479 -1.130351116452955 2.1994731528747633 -0.6133352701725356
0.9401705471598656 0.21971841733497957 -2.3206850091971125 0.2696409026537725 0.7013127600742153 -1.5779833624652495 1.8915349710364535 1.274665717086489 -2.2197035940870893 -2.4687637587478983
0.29837308934062906 0.7646393991506952 -2.0990084782148632 -2.3886896636816095 -0.5375175434928985 1.633647890394902 -2.023578252398255 0.7103334050179146 1.008345003536367 -2.391719847324945
0.2654976150548246 0.10212212853327354 1.8799259459717814 1.4313085421998024 -1.0871606299592744 0.7486193345768384 -0.026742614137554188 2.5300382371582475 2.1461157652865084 0.4558428039291669
0.19927702470754738 0.3095757971975669 -0.37170102577142394 -1.8177855302281565 -0.3195231073301792 0.8027798261181589 -0.8990652640543921 -1.4875983311799317 1.9202666528449934 0.44288880474312453
0.9536235764079415 0.890112285035204 -1.91546264994451 -1.9212775314555488 0.5248234995055254 1.346669246343148 0.07484103584388446 1.5586349144287568 -1.0398461048115857 0.7592496463722544
0.035571336614511645 0.8780578891740729 0.7140577188696584 -1.4104270757357493 -0.28630043041497766 1.651931802657383 -1.4190395009716623 -0.11362488667957615 -1.698295440410432 0.7672249340222366
0.6494342756288163 0.9666165602677976 0.01842913557128023 -1.337744626990505 -2.3310102044307266 1.199433955790795 1.2663495716481488 -1.4659489893772797 -1.975780635506722 -2.409638104526015
0.07445107367699574 0.19034305231250354 2.3318331525133673 -0.6008003059327578 -0.5296487101324625 -0.30946751225635527 -1.0868990250401076 -1.6472506014051254 -0.8610247544065099 1.566498566740695
0.08895124267900598 0.24618787695305808 -1.3293744133621332 -2.4104260902433716 0.7886660669484198 2.145254837830071 0.13068035865942607 -0.6218551165093087 0.36377649571236725 -2.3070767115332007
0.03125289537854309 0.20949544217294905 -0.9277889859558961 2.604926699432118 -0.8991363729068114 2.3808177479959114 0.6010202698056974 -2.494550713828285 -1.4707897405602515 -2.4325805672671352
0.3028748125252704 0.45293175539493724 1.1706648516520315 1.696547775419646 -0.5133911527603332 -1.5001208406151638 0.625515890228673 -2.403504933068608 0.7779569257118357 -2.428605834856034
0.6265146888105046 0.5685159023926821 -2.1131041359019918 -1.13177593530453 2.027410932181739 -0.8628221713808635 2.092239979470286 1.6101995789727028 -2.0316726402679928 -1.330104126996925
0.7041127352202803 0.6026966316661349 -1.954851859664124 -1.137036190867156 0.5824565182860661 0.43482736600441907 0.32259270591018696 2.4411898310935762 -0.4382093319889684 -1.9549084949796687
0.7076007983105295 0.5773175489735817 2.5285716232386917 -0.6255846841194803 -1.7346464276460158 -0.06372741841779916 -0.2825371987732277 -0.4808938094043236 2.277750627998501 1.4368130675782003
0.8811018312474976 0.1652046219804481 -0.2944450209580993 1.5145291118198405 -0.11974573316910009 1.0975011689798402 2.4180222161106424 -1.5945545374154315 -1.939312050728621 -0.32526041717641396
0.2616192932575274 0.7675478424099473 2.3195980471569055 0.8517686317520483 -0.7655809108376321 -1.2605098311188025 1.235103928118627 -0.5014075577743395 -2.3725250610110615 0.4280831041452853
0.25229355939726367 0.16238052959299523 -1.828290065763961 -0.09234757616140721 -1.529897977890568 0.29528077109437545 1.6554352909726107 -0.9378338323377469 -1.5930621109135759 -1.6231426049356963
0.19452679057964375 0.25638721945030557 2.593262696882402 2.4754104980397345 -1.1558089299982628 -1.4007488076730796 1.7908214795602473 -0.2881706098332395 0.5878660086996508 -2.3858282891580727
0.2204108708220344 0.2991423585820304 -2.1952560371844205 -0.5915989415951382 1.9400430121165368 -0.22216506215726106 -1.4370553905884589 -0.03768812371215757 -0.40479620098597957 -2.323199184552408
0.7283672513123988 0.4386533462613024 -2.2035189332649563 -0.7414239941038228 -2.405487847949205 0.2539696645129652 0.3325866043787875 2.257515620416713 1.809730494579481 1.083055379772902
0.6866959955715942 0.3099123659390972 0.16370829848737634 -0.49184565945149705 -0.4284109543030814 -0.25995222843312105 -0.47814819439420564 1.7501707767948207 -2.345547872125741 1.0726395554061385
0.6567185153025854 0.49094633744650973 -1.4993466549392636 2.1488991673483206 1.3771096600885784 -1.33712717111581 -1.0107980415295186 2.4688781871402017 -2.4575689785552752 -1.3314298558647555
0.323182196384725 0.6471995794681027 1.86065306437643 -0.8264225845958937 0.6237267122815577 -1.0819174209324713 2.4988089227833528 1.2053150563769113 -0.7580786193531364 2.236553395722788
0.8133664110831422 0.9247290297221165 1.1494906209894253 -0.6949581118854773 -1.2941355407887105 0.274277216034295 -1.5209728514234933 0.421655344274825 0.8776858374282637 -2.5667218544051793
0.9476468424599466 0.8367980587651114 2.500874549040066 -0.9527862219116727 -2.37026856195516 1.5892067919882567 1.8144359983593277 0.9348460892740968 -1.7750380847155778 2.5056321864668782
0.23883803396810274 0.8246561721968052 -1.831417862728978 -0.4883145584096886 -0.42596106901185626 0.09336110777774254 -1.6480502598204017 -2.5226483322644144 -1.3282061632570752 -0.20609922030672045
0.11673652173773649 0.9140709834522793 1.3421114844803625 -2.1936392866286156 -1.1448197440595236 0.20212034920277455 -0.441581596640821 -1.992071579968706 0.68535085721637 -1.141401278254235
0.21460665077451802 0.8399829066453172 -2.3931429416284105 -1.4634728878473464 2.061736955604219 -1.1561985879990189 -0.07271522214447002 2.5247874034352162 1.0157750891660422 0.389945364422168
0.12013304581159154 0.7679595492394016 0.7516647195285047 -1.4884478579501608 -1.0046607443026994 1.8340460670946936 2.263892710041542 -1.861703373512404 0.7984481541733728 0.23851522610426423
0.02023509788141656 0.0464170662450705 1.9748878348401804 -1.0684116857326238 -1.5150032174501933 0.41725686650826743 1.9034768540420681 -0.8401145312126059 -0.41794225721337996 -0.3769639738236661
0.3549088249646889 0.3263505724734872 1.7830268886838616 1.9494397999585575 0.17836016935091692 1.035275467615795 0.9768026891466755 2.092157229204061 1.2561364337652132 -0.41252380142402556
0.32537851788618777 0.2690525854261322 1.2972750833960047 -0.2534084259577636 2.2972594285627737 -0.17103537160995153 -0.2174949476284458 1.5858140026806589 -1.3191145826293404 2.4412465374038095
0.2165479056496434 0.6883971798443502 0.4044010096117421 2.3135521922685727 -1.5754883222732405 -0.21089871666065063 -0.5671167030295519 -0.456965196911292 -2.202189349416938 1.5544755897078821
0.7327578139298057 0.7361699796978338 -0.9244907644142832 -1.5891678677207008 -0.550632921630712 2.0846754865865464 -0.0679558232494002 -1.8351585420796444 0.5379719733797867 -2.468598193560508
0.6860824696502865 0.5505713184463998 -1.1772188567010444 -1.6472615244327313 1.6136965757226078 -2.286832734661941 0.49514330625732583 1.9107651884854513 1.8078470046885804 -1.1743748171204558
0.6743147930789061 0.6441262689809597 -0.11183186241877596 1.491068171357521 0.7597531938344151 -2.43795772817342 1.9761361997033453 -0.006754938986677672 1.2570448516468087 -1.3099261907151007
0.7873417652918566 0.03716411420950849 1.1346097923151865 -0.5559653921771939 1.394274154690439 -1.32054591086024 1.2721571074458593 -1.5759195383872222 2.3739539057629275 2.4755497140244542
0.7891089472528005 0.2372835081505884 -2.187007090586471 2.09968222903743 -2.3812484499370923 0.6624353701587222 -0.2958096440020035 -1.87922445900124 -1.1007721516284459 1.680764148151194
0.7623678239145347 0.5830520039564515 -1.1004876139259965 -1.7649166984376927 -1.2285262954236018 1.148740576945098 0.6482438957241619 0.21386781816517608 -0.33244491782644614 -2.1396104007307444
0.29937098340729307 0.93047163286676 -1.299686145104381 -0.16144365945509875 -0.26125981812368826 1.9137625721254596 -2.2493077564403414 0.11377102247099025 -1.1122636562969155 0.5917289609402983
0.3459053930306556 0.8921174870593684 -2.46612767597559 -0.23640109173177715 0.2555794863156877 0.05823226418792693 -1.4623039510511913 1.3526774480037944 0.2394525238954377 -1.4670197252773347
0.09634839092087863 0.2930208168875859 -1.7066435525242003 0.5388569330490793 -0.09272866848433026 -2.1329407214762988 1.1133068527031176 -2.3176502550684774 -0.1710996088582819 -0.8400192746594883
0.18302666426520534 0.2529713585178928 0.22562951984946267 -0.9284804827517745 1.3791084865777021 -1.0245224776352444 1.537794599254474 0.10950369169720542 2.359747073720364 1.3804234839908074
0.6998474838172066 0.266746374727744 2.1779079628178137 -1.8295304083168613 1.4613089831245518 -1.5750786068465086 -1.4258661656834386 0.0163224344022721 -0.24428374518373364 -2.5573483100004224
0.6240959964211386 0.3764109634694309 2.3361035192214286 0.09009180324003152 -1.6983808825774571 1.1467556199590683 -2.520523824111656 0.754124173904827 -1.4897521510938285 -1.9813521076228744
0.6511757311059176 0.489075600007398 -2.1002013948237255 1.2874154813063812 0.771781933587055 -2.175618030043177 2.0576802537323267 -0.053132596274036104 -0.8429368587115196 -0.19615553224958004
0.5085579411210136 0.4743914172039568 0.12692192359043863 0.4511892439486669 -0.8118920183112877 -0.37884049229379135 1.5174625189463007 1.8596510825504526 -1.3891920686933992 -2.2263630019243466
0.7898550185275457 0.9731537156567804 -1.5645036110993962 1.0966484115510253 -1.9800688221399616 -0.38646831067242804 2.1813284560501933 -1.0732179639394235 2.011309111235365 1.7217246880536456
0.7604531071174424 0.7605571878713014 -0.33158688258415525 0.7340046060493757 0.3405749121880217 -1.2118512055595538 -1.4375451768042866 1.7171891058223117 -1.6368082553076229 -0.7131118486248367
0.801538955740808 0.8877542113532346 -1.010559429852055 -1.0465330187296447 -0.9178910438821695 -0.4116889867324347 -0.7631217862082438 0.7089182356854167 1.3095871978341118 2.3233054665191912
0.1840532011622387 0.8460815303705607 1.661466756044041 -1.6607404750324752 0.5925161920857147 -2.1419007917707567 1.122496900881539 0.4925043419442816 1.8303002957143684 -2.3640438550257623
0.07963312006759438 0.8161139420357146 -0.5983695980530039 -1.1685020038966911 -1.5970089742617861 2.5113038418842026 -2.116735834942473 -1.3030513283973917 -0.5391006151725879 -1.6328703817672743
0.06492965341811086 0.7726819746836258 -0.12531459185207972 0.155660592235924 -0.9243518716564849 1.0997059428998246 -2.2368164539871 -2.1991468351616423 -0.4399736610665985 1.4995548174212865
0.6635616715477884 0.7832770475953088 -0.6823608034406181 1.1760572516329613 0.26844018160795224 2.286413644484409 -2.1126523418707297 1.8725782179050374 2.2915567988394847 2.6076030713961384
0.16145238599753528 0.06256524025682009 -2.4218134291933273 -2.4596468104767117 -0.2769584607687299 -2.0697001865355786 2.427062324719557 -0.43040937377352595 0.6535436809951589 2.520462538618728
0.7466514690314769 0.047442687350624846 -2.396478169269745 -2.533375684234385 1.2388411820920364 -2.502164253618632 1.2271725969063136 -1.267870658768891 -0.42580620926702917 2.0695176643491924
0.4283826202411867 0.47355084622088955 2.5989721134772563 -2.2852229415241077 1.8644791367917608 -1.314812393978968 2.242965921151702 -0.4363022270031527 1.5874102738920537 1.9840838189505754
0.27905138895565185 0.43463237320839687 0.5251916530432879 -1.2311223477779982 1.5751412718062539 0.2509924421852152 -1.6331339222670014 2.5268510755732403 -1.0617035870913671 -2.090824989765796
0.3152752122281313 0.49751763619489636 2.182163060252503 -0.001887732848092405 -1.1137952341109314 -1.1173494039272236 1.353315322848489 2.2199505832093664 2.444307853227372 -1.752240095450045
0.560504467994495 0.5587712509767774 -1.0249371865087231 -0.34055150431905057 1.0313513833410575 -0.07196760207562969 -0.8916248365282309 -2.4998467532320525 -0.5711913273034024 -0.26959085766260893
0.8113587269871174 0.02124989911672187 0.8242506415136357 -0.35375336954950365 -1.08388666996334 2.106828363988001 1.792297135473261 -2.0745000165392304 -1.5447133959035497 1.2578843331716438
0.21373513689344983 0.2960537561162793 -2.441740634461832 -1.111801526119099 1.4742096747954423 -1.6942470049743548 -0.9917721443406378 0.2897177019033341 -2.612014979159777 1.5268535910412262
0.7032594523084806 0.4929761350070075 -0.7044799434065796 1.6433844603728622 1.1562745696465884 -0.1848898513453605 -1.5044277090945495 -2.1111337180501435 -1.7905330676159488 -1.0326378680686779
0.6591956477179572 0.3535837193586688 -0.9959056739211782 -2.123550735596845 2.6135556061266043 1.1216278071578345 -1.2301340523983835 0.5256682567850812 -2.072393997165758 1.650848303272142
0.6270449343614215 0.4123523788101767 0.09897573808581273 2.4879194052048237 -0.2189776961626162 -2.5861820989884414 1.7493976579177626 -0.9190807521577853 1.484127621369265 -1.0344769465002126
0.28637259767760753 0.7308445869730148 0.6165215112444065 -0.5838030432594818 2.285825247768163 -1.8661525042962834 1.3209732006330923 1.844073254508308 0.9501627166321169 -1.115632834297024
0.7596414423256423 0.7851471108272332 1.3889014721423156 1.7021117351732236 -2.0837974045002623 -1.8811657060376787 1.436062361243731 0.2741801576788512 -0.5019246906146084 1.1976573025716757
0.20829124138000074 0.9661811972035872 -2.5302750986068516 -0.4075189000237329 1.584464168927147 0.452634442406588 0.459778145434274 -1.8163720979008522 0.751995280399187 2.544859446185868
0.7216369886492016 0.7635231755647549 0.23545517793371218 0.9111709832757096 0.5601725714207464 -1.6704486244081134 -0.6772500497958087 2.5047102742954546 -2.1008865374304073 1.2652901581418545
0.722944385621592 0.8052289597125375 2.0935601070161263 0.18711836299024576 -1.0171792292544082 -0.3027053152154444 -2.409767007091831 2.5868082080459245 2.495541157300742 2.2722217896398402
